000	05
001	04
002	Out_05
003	08
004	04
005	08
006	02
007	Out_04
008	11
009	other
010	Out_05
011	11
012	Out_02
013	02
014	08
015	05
016	02
017	Out_05
018	11
019	Out_05
020	07
021	05
022	06
023	03
024	04
025	03
026	11
027	01
028	11
029	other
030	11
031	Out_03
032	01
033	Out_05
034	06
035	03
036	09
037	04
038	04
039	08
040	01
041	11
042	02
043	05
044	05
045	11
046	11
047	05
048	06
049	04
050	11
051	03
052	06
053	04
054	07
055	Out_05
056	04
057	07
058	06
059	06
060	02
061	01
062	01
063	01
064	01
065	Out_05
066	Out_02
067	03
068	07
069	11
070	09
071	01
072	Out_01
073	05
074	08
075	11
076	Out_02
077	Out_05
078	03
079	Out_05
080	Out_04
081	04
082	02
083	06
084	04
085	Out_04
086	08
087	05
088	05
089	11
090	Out_03
091	Out_05
092	11
093	Out_02
