000	Out_04
001	Out_03
002	03
003	Out_05
004	01
005	10
006	01
007	other
008	13
009	04
010	04
011	09
012	04
013	Out_04
014	04
015	Out_04
016	Out_05
017	Out_06
018	Out_05
019	01
020	other
021	04
022	Out_02
023	11
024	15
025	15
026	05
027	08
028	07
029	Out_04
030	10
031	05
032	08
033	Out_04
034	03
035	05
036	01
037	05
038	09
039	15
040	01
041	10
042	07
043	03
044	01
045	Out_04
046	other
047	08
048	08
049	01
050	01
051	03
052	other
053	Out_06
054	02
055	other
056	08
057	other
058	05
059	09
060	Out_05
061	08
062	09
063	01
064	Out_06
065	Out_04
066	11
067	Out_01
068	Out_05
069	04
070	01
071	Out_04
072	02
073	09
074	09
075	other
076	other
077	13
078	Out_06
079	07
080	Out_05
081	other
082	07
083	other
084	08
085	08
086	Out_01
087	15
088	05
089	Out_05
090	04
091	10
092	15
093	10
094	05
095	Out_04
096	15
097	other
098	04
099	Out_01
100	15
101	Out_05
102	05
103	13
104	01
105	08
106	04
107	other
108	Out_02
109	Out_05
110	09
111	Out_05
112	08
113	02
114	10
115	Out_05
116	04
117	03
118	03
119	15
120	Out_05
121	01
122	01
123	03
124	15
125	15
126	10
127	01
128	other
129	02
130	08
131	08
132	04
133	Out_05
134	07
135	15
136	04
137	09
138	other
139	other
140	15
141	Out_04
142	Out_01
143	03
144	03
145	02
146	04
147	07
148	15
149	06
150	other
151	01
152	09
153	other
154	03
155	Out_01
156	Out_06
157	15
158	08
159	04
160	other
161	other
162	Out_06
163	05
164	Out_01
