000	other
001	Out_08
002	08
003	02
004	10
005	08
006	07
007	04
008	06
009	02
010	01
011	08
012	07
013	other
014	06
015	08
016	09
017	02
018	other
019	07
020	Out_01
021	09
022	08
023	02
024	11
025	02
026	Out_09
027	10
028	02
029	02
030	Out_09
031	12
032	Out_02
033	08
034	10
035	06
036	Out_08
037	04
038	04
039	01
040	06
041	06
042	Out_08
043	04
044	04
045	04
046	09
047	02
048	06
049	11
050	other
051	10
052	06
053	06
054	09
055	10
056	01
057	10
058	01
059	06
060	07
061	04
062	01
063	Out_09
064	01
065	04
066	02
067	11
068	10
069	04
070	08
071	02
072	12
073	06
074	07
075	Out_04
076	07
077	10
078	08
079	07
080	07
081	Out_08
082	04
083	Out_09
084	03
085	Out_09
086	Out_05
087	06
088	Out_03
089	01
090	01
091	09
092	02
093	08
094	06
095	Out_09
096	02
097	01
098	other
099	Out_09
100	01
101	01
102	11
103	07
104	08
105	07
106	08
107	other
108	02
109	02
110	Out_09
111	05
112	other
113	08
114	04
115	02
116	07
117	09
118	11
119	03
120	02
121	01
122	04
123	01
124	Out_07
125	06
