000	07
001	06
002	05
003	06
004	01
005	Out_02
006	other
007	03
008	01
009	04
010	02
011	02
012	01
013	04
014	03
015	02
016	Out_02
017	03
018	04
019	04
020	Out_02
021	02
022	06
023	01
024	04
025	01
026	05
027	01
028	05
029	06
030	02
031	other
032	01
033	07
034	other
035	Out_01
036	02
037	02
038	other
039	07
040	Out_02
041	06
042	other
043	01
044	06
045	Out_02
046	03
047	Out_01
048	05
049	03
050	Out_02
051	Out_02
052	03
053	05
054	04
055	07
056	Out_01
057	02
058	02
059	02
060	07
061	03
062	02
063	06
064	03
065	Out_02
066	03
067	other
068	other
069	05
070	07
071	02
072	01
073	02
074	05
075	01
076	Out_02
077	other
078	03
079	06
080	other
081	07
082	03
083	01
084	Out_02
085	06
086	Out_02
087	02
088	01
089	03
090	Out_02
091	03
092	03
093	04
