000	01
001	08
002	other
003	04
004	08
005	07
006	other
007	Out_04
008	Out_04
009	Out_04
010	07
011	Out_04
012	03
013	other
014	03
015	Out_05
016	13
017	04
018	14
019	other
020	08
021	other
022	15
023	Out_05
024	12
025	07
026	07
027	Out_04
028	10
029	08
030	10
031	08
032	07
033	07
034	08
035	01
036	14
037	07
038	14
039	14
040	Out_04
041	Out_05
042	Out_04
043	Out_04
044	other
045	other
046	08
047	Out_01
048	14
049	other
050	04
051	Out_05
052	01
053	07
054	14
055	01
056	15
057	15
058	08
059	09
060	07
061	07
062	Out_02
063	15
064	14
065	Out_05
066	07
067	other
068	other
069	10
070	13
071	other
072	07
073	Out_02
074	Out_04
075	03
076	01
077	09
078	Out_02
079	other
080	Out_04
081	08
082	07
083	Out_02
084	08
085	08
086	Out_02
087	09
088	other
089	15
090	Out_02
091	01
092	08
093	08
094	Out_04
095	12
096	other
097	Out_01
098	Out_03
099	08
100	07
101	15
102	08
103	Out_04
104	Out_02
