000	07
001	01
002	02
003	Out_01
004	02
005	06
006	08
007	Out_07
008	10
009	06
010	Out_03
011	07
012	02
013	08
014	02
015	Out_07
016	Out_07
017	08
018	04
019	08
020	06
021	02
022	10
023	01
024	10
025	Out_03
026	02
027	07
028	02
029	Out_07
030	01
031	01
032	06
033	04
034	Out_07
035	Out_07
036	06
037	05
038	07
039	01
040	04
041	Out_06
042	Out_01
043	Out_02
044	Out_02
045	06
046	06
047	05
048	07
049	Out_07
050	Out_07
051	Out_02
052	Out_02
053	10
054	10
055	Out_02
056	07
057	02
058	Out_03
059	Out_05
060	Out_05
061	01
062	Out_05
063	Out_03
064	04
065	10
066	10
067	Out_06
068	07
069	07
070	02
071	Out_07
072	01
073	Out_02
074	Out_07
075	07
076	06
077	10
078	06
079	Out_02
080	01
081	02
082	02
083	Out_07
084	Out_02
085	01
086	08
087	Out_07
088	07
089	Out_07
090	06
091	Out_06
092	02
093	03
094	07
095	01
096	10
097	Out_06
098	10
099	06
100	Out_01
101	10
102	10
103	Out_07
104	02
105	06
106	10
107	09
108	02
109	10
110	Out_01
111	Out_05
112	06
113	Out_04
114	Out_06
115	Out_01
116	02
117	Out_07
118	01
119	Out_04
120	10
121	07
122	01
123	03
124	01
125	06
126	07
