000	03
001	12
002	07
003	03
004	Out_14
005	18
006	07
007	02
008	04
009	Out_14
010	03
011	13
012	07
013	other
014	12
015	01
016	05
017	13
018	15
019	Out_11
020	Out_15
021	04
022	06
023	other
024	Out_14
025	Out_11
026	Out_08
027	04
028	other
029	Out_12
030	other
031	Out_04
032	Out_03
033	Out_03
034	Out_05
035	11
036	Out_03
037	11
038	18
039	Out_04
040	04
041	04
042	Out_15
043	Out_14
044	Out_01
045	10
046	Out_03
047	07
048	03
049	07
050	other
051	12
052	other
053	13
054	20
055	Out_02
056	Out_03
057	16
058	Out_14
059	04
060	03
061	Out_14
062	11
063	Out_14
064	03
065	Out_11
066	Out_07
067	other
068	Out_04
069	02
070	12
071	02
072	Out_02
073	05
074	04
075	Out_12
076	other
077	07
078	11
079	04
080	12
081	Out_12
082	Out_12
083	07
084	Out_02
085	07
086	12
087	18
088	other
089	Out_01
090	other
091	06
092	03
093	04
094	Out_14
095	Out_01
096	other
097	06
098	12
099	12
100	04
101	Out_14
102	03
103	Out_03
104	06
105	07
106	12
107	12
108	other
109	11
110	Out_14
111	07
112	10
113	Out_04
114	07
115	03
116	03
117	13
118	03
119	Out_13
120	11
121	Out_14
122	12
123	Out_11
124	Out_14
125	other
126	10
127	Out_11
128	Out_04
129	other
130	02
131	03
132	Out_03
133	03
134	06
135	Out_04
136	other
137	14
138	03
139	Out_03
140	12
141	other
142	13
143	07
144	01
145	06
146	Out_13
147	06
148	07
149	11
150	12
151	13
152	Out_03
153	04
154	Out_09
155	Out_03
156	Out_12
157	07
158	03
159	Out_04
160	06
