000	other
001	Out_03
002	Out_02
003	03
004	04
005	03
006	02
007	04
008	04
009	03
010	01
011	03
012	05
013	02
014	04
015	04
016	other
017	other
018	03
019	03
020	04
021	other
022	other
023	Out_05
024	Out_01
025	05
026	05
027	05
028	other
029	03
030	03
031	Out_03
032	04
033	01
034	other
035	03
036	02
037	04
038	other
039	04
040	01
041	04
042	other
043	01
044	04
045	02
046	03
047	04
048	02
049	other
050	05
051	Out_07
052	other
053	01
054	05
055	other
056	other
057	01
058	01
059	04
060	Out_02
061	03
062	Out_09
063	04
064	01
065	other
066	Out_08
067	03
068	other
069	01
070	04
071	04
072	04
073	05
074	02
075	01
076	04
077	05
078	01
079	05
080	01
081	05
082	Out_01
083	other
