000	02
001	02
002	Out_01
003	04
004	07
005	04
006	04
007	Out_02
008	01
009	03
010	07
011	05
012	06
013	05
014	Out_04
015	02
016	05
017	01
018	04
019	04
020	05
021	07
022	06
023	04
024	Out_05
025	Out_06
026	01
027	03
028	02
029	Out_06
030	04
031	04
032	Out_06
033	Out_06
034	06
035	06
036	07
037	01
038	04
039	Out_03
040	Out_02
041	Out_06
042	Out_01
043	02
044	04
045	05
046	Out_06
047	06
048	Out_01
049	07
050	Out_05
051	02
052	Out_04
053	Out_05
054	07
055	Out_05
056	Out_05
057	Out_06
058	06
059	Out_05
060	Out_01
061	03
062	03
063	01
064	04
065	Out_05
066	07
067	02
068	02
069	Out_01
070	Out_05
071	02
072	04
073	03
074	04
075	Out_04
076	Out_06
077	07
078	05
079	Out_05
080	06
081	Out_03
082	Out_05
083	Out_06
084	04
085	03
086	01
087	Out_05
088	Out_05
089	06
090	03
