000	02
001	04
002	other
003	02
004	12
005	08
006	Out_05
007	09
008	Out_06
009	Out_06
010	Out_02
011	09
012	07
013	07
014	other
015	Out_03
016	03
017	other
018	02
019	07
020	Out_03
021	Out_03
022	08
023	10
024	14
025	Out_03
026	10
027	08
028	04
029	14
030	02
031	15
032	Out_02
033	Out_05
034	02
035	02
036	12
037	other
038	Out_06
039	11
040	05
041	07
042	03
043	Out_06
044	04
045	02
046	02
047	07
048	Out_06
049	Out_05
050	Out_01
051	04
052	other
053	Out_06
054	06
055	11
056	08
057	12
058	02
059	03
060	03
061	14
062	01
063	11
064	14
065	03
066	02
067	Out_03
068	05
069	14
070	Out_03
071	02
072	02
073	10
074	10
075	11
076	Out_01
077	11
078	14
079	09
080	Out_01
081	01
082	02
083	15
084	13
085	02
086	other
087	Out_01
088	13
089	Out_03
090	Out_03
091	05
092	07
093	11
094	15
095	02
096	02
097	05
098	04
099	other
100	other
101	05
102	Out_01
103	08
104	11
105	04
106	12
107	Out_04
108	15
109	other
110	Out_02
111	Out_05
112	Out_06
113	01
114	10
115	11
116	04
117	Out_05
118	Out_06
119	03
120	01
121	other
122	Out_03
123	02
124	01
125	Out_06
126	08
127	03
128	15
129	11
130	12
131	15
132	14
133	03
134	04
135	02
136	07
137	07
138	03
139	Out_01
140	Out_01
141	04
142	10
143	Out_05
144	14
145	other
146	Out_04
147	Out_04
148	other
149	01
150	04
151	Out_06
152	06
153	07
154	Out_03
155	02
156	03
157	12
158	03
159	Out_03
160	12
161	03
162	12
163	01
164	Out_06
165	11
166	Out_06
167	Out_03
168	Out_03
169	Out_03
170	09
171	01
172	other
173	other
174	12
175	13
176	Out_06
177	08
178	04
179	07
180	Out_06
181	03
182	12
183	14
184	03
185	Out_06
186	14
187	02
188	07
189	14
190	03
191	02
192	14
193	12
194	07
