000	other
001	Out_02
002	Out_08
003	01
004	10
005	03
006	02
007	07
008	07
009	11
010	Out_08
011	Out_02
012	Out_07
013	Out_08
014	02
015	01
016	Out_06
017	Out_05
018	01
019	11
020	03
021	09
022	04
023	11
024	03
025	10
026	Out_01
027	01
028	09
029	01
030	01
031	Out_08
032	Out_08
033	12
034	Out_08
035	10
036	12
037	Out_07
038	11
039	05
040	09
041	other
042	Out_08
043	09
044	Out_08
045	09
046	other
047	other
048	Out_08
049	04
050	Out_08
051	08
052	09
053	Out_03
054	Out_05
055	08
056	11
057	09
058	09
059	Out_08
060	other
061	09
062	11
063	09
064	11
065	09
066	other
067	09
068	Out_08
069	09
070	Out_01
071	other
072	09
073	Out_08
074	other
075	04
076	03
077	11
078	Out_04
079	04
080	12
081	Out_08
