000	Out_01
001	Out_02
002	02
003	Out_07
004	Out_01
005	07
006	Out_07
007	Out_07
008	03
009	03
010	Out_02
011	11
012	Out_05
013	Out_01
014	06
015	04
016	15
017	03
018	Out_07
019	10
020	04
021	10
022	15
023	12
024	Out_01
025	03
026	10
027	Out_02
028	15
029	Out_03
030	03
031	03
032	03
033	Out_01
034	Out_02
035	10
036	12
037	06
038	09
039	11
040	08
041	Out_07
042	03
043	Out_07
044	Out_05
045	06
046	04
047	04
048	03
049	06
050	04
051	15
052	Out_07
053	15
054	04
055	Out_05
056	Out_01
057	06
058	07
059	15
060	Out_03
061	07
062	09
063	02
064	07
065	Out_04
066	Out_03
067	Out_05
068	Out_07
069	06
070	02
071	12
072	15
073	Out_03
074	04
075	Out_07
076	04
077	15
078	Out_06
079	03
080	04
081	04
082	08
083	02
084	15
085	05
086	03
087	15
088	15
089	12
